HST                     
1 20580U 90037B   21010.51688325  .00000523  00000-0  20748-4 0  9991
2 20580  28.4712  30.0120 0002786 156.1141 337.3557 15.09532166487212
POLAR                   
1 23802U 96013A   21008.55518514  .00000265  00000-0  00000-0 0  9992
2 23802  78.7063 247.2759 6135823 276.5106  21.5603  1.29846378119072
SWAS                    
1 25560U 98071A   21010.28489981  .00000116  00000-0  19418-4 0  9991
2 25560  69.8973 223.2180 0006884   5.3547 354.7682 14.93984591199917
CXO                     
1 25867U 99040B   21012.08483220  .00000341  00000-0  00000-0 0  9991
2 25867  58.5222 260.8760 8070837 226.4831   0.4997  0.37801937  9840
XMM-NEWTON              
1 25989U 99066A   21010.96802987 -.00000024  00000-0  00000-0 0  9993
2 25989  70.9987 315.7274 6813083  91.7014   0.3617  0.50132184 13066
TERRA                   
1 25994U 99068A   21010.78635271  .00000045  00000-0  19998-4 0  9993
2 25994  98.1942  87.9720 0001280  99.3755  48.9521 14.57119142120508
CLUSTER II-FM7 (SAMBA)  
1 26410U 00041A   21011.41744012  .00000151  00000-0  00000-0 0  9993
2 26410 132.3680 343.2437 4659572 188.4964 359.2241  0.44233291 11503
CLUSTER II-FM6 (SALSA)  
1 26411U 00041B   21011.48648530  .00000173  00000-0  00000-0 0  9993
2 26411 132.7399 344.7856 6067801 193.7145 359.2354  0.44224638 11540
CLUSTER II-FM5 (RUMBA)  
1 26463U 00045A   21011.48323316  .00000223  00000-0  00000-0 0  9992
2 26463 136.3802 344.6274 5648120 193.7393 359.1602  0.44223985 11439
CLUSTER II-FM8 (TANGO)  
1 26464U 00045B   21011.41691778  .00000151  00000-0  00000-0 0  9996
2 26464 132.3754 343.2390 4660193 188.4614 359.2711  0.44218649 11518
ODIN                    
1 26702U 01007A   21010.59357735  .00000888  00000-0  61292-4 0  9991
2 26702  97.5451  29.9926 0009380 279.6690  80.3479 15.08266372 87439
TIMED                   
1 26998U 01055B   21010.57808753  .00000118  00000-0  16782-4 0  9990
2 26998  74.0714 240.8542 0002329 263.6331  96.4584 14.88257689 35253
RHESSI                  
1 27370U 02004A   21010.37718488  .00002669  00000-0  83635-4 0  9997
2 27370  38.0339 352.0197 0013150 229.8108 130.1512 15.33902022 46105
INTEGRAL                
1 27540U 02048A   21008.30757192  .00000858  00000-0  00000-0 0  9998
2 27540  59.6020  97.2247 8991971 296.8209   1.9447  0.37579985 19180
CORIOLIS                
1 27640U 03001A   21010.58096929  .00000011  00000-0  25951-4 0  9993
2 27640  98.7244  22.8318 0014564 157.6457 310.6563 14.19057917932815
SORCE                   
1 27651U 03004A   21010.73553669  .00000100  00000-0  24580-4 0  9990
2 27651  39.9947 254.0114 0021414  34.3840 325.8330 14.89217819975145
MOST                    
1 27843U 03031D   21010.76300839 -.00000010  00000-0  15727-4 0  9999
2 27843  98.7096  21.0316 0009428 210.5847 149.4781 14.20626209909035
SCISAT 1                
1 27858U 03036A   21010.61812447  .00000054  00000-0  12663-4 0  9990
2 27858  73.9333 136.1085 0009227 292.2168  67.8027 14.77323710938245
SWIFT                   
1 28485U 04047A   21010.30935869  .00000930  00000-0  32855-4 0  9998
2 28485  20.5582  16.6052 0011208 152.5181 207.5847 15.04824519884659
FORMOSAT-3 FM6          
1 29047U 06011A   21010.50964890  .00000113  00000-0  60459-4 0  9998
2 29047  71.9784  47.3680 0048177  63.4747 297.1317 14.28772203770882
FORMOSAT-3 FM1          
1 29048U 06011B   21010.25291430  .00000092  00000-0  52491-4 0  9997
2 29048  71.9675 318.5567 0042775  20.8332 339.4535 14.28745836773331
FORMOSAT-3 FM5          
1 29049U 06011C   21010.59278752  .00000047  00000-0  34888-4 0  9997
2 29049  72.0207 130.6917 0033604  45.5626 314.8251 14.28823242769175
FORMOSAT-3 FM3          
1 29050U 06011D   21010.41644418  .00000107  00000-0  32773-4 0  9994
2 29050  72.0152 255.9799 0051378 307.0950  52.5511 14.59002843786511
FORMOSAT-3 FM4          
1 29051U 06011E   21010.51763370  .00000090  00000-0  51005-4 0  9995
2 29051  72.0053  32.4992 0070582 286.2444  73.0935 14.28860151771735
FORMOSAT-3 FM2          
1 29052U 06011F   21010.71241470  .00000058  00000-0  38964-4 0  9993
2 29052  72.0351 106.9279 0040108   3.4875 356.6533 14.28964716770128
CLOUDSAT                
1 29107U 06016A   21010.55599720  .00000085  00000-0  26402-4 0  9999
2 29107  98.2587 323.3775 0001978  91.8742 268.2685 14.62291254782590
CALIPSO                 
1 29108U 06016B   21010.54240198  .00000121  00000-0  33380-4 0  9995
2 29108  98.2567 323.1343 0001159  82.3294 277.8039 14.62490527782588
HINODE (SOLAR-B)        
1 29479U 06041A   21010.77000596  .00000061  00000-0  20309-4 0  9995
2 29479  98.1542  26.8940 0018307  77.3872 282.9377 14.65116147764252
SJ-6C                   
1 29505U 06046A   21010.82006194  .00000706  00000-0  69862-4 0  9999
2 29505  97.8094  29.7477 0006264  69.2390 290.9479 14.95026723774594
SJ-6D                   
1 29506U 06046B   21010.75887729 -.00000310  00000-0 -23988-4 0  9995
2 29506  97.8296  29.8744 0002962 124.2502 235.8969 14.93566152774118
AGILE                   
1 31135U 07013A   21010.74472014  .00002596  00000-0  43684-4 0  9998
2 31135   2.4685  12.5390 0011699 178.7817 181.2265 15.32986575763906
AIM                     
1 31304U 07015A   21010.60101935  .00000965  00000-0  57056-4 0  9990
2 31304  97.8841 266.8396 0005714  24.6874 335.4629 15.14029455752022
FGRST (GLAST)           
1 33053U 08029A   21010.62548223  .00000502  00000-0  11836-4 0  9999
2 33053  25.5823 129.4524 0011977 245.0908 114.8382 15.11441561694624
WISE                    
1 36119U 09071A   21010.56084385  .00000839  00000-0  30959-4 0  9990
2 36119  97.3048  49.8059 0003249  39.8916 320.2564 15.30523290615477
SDO                     
1 36395U 10005A   21010.30882817 -.00000088  00000-0  00000-0 0  9990
2 36395  30.6822 117.8336 0000625 258.3933 103.0409  1.00268937 40179
CRYOSAT 2               
1 36508U 10013A   21010.56602849  .00000082  00000-0  19488-4 0  9995
2 36508  92.0181 157.8005 0004602 205.4571 154.6410 14.51909315570288
X-SAT                   
1 37389U 11015C   21010.88320135 -.00000040  00000-0  64147-6 0  9995
2 37389  98.4072  63.6845 0015040  46.6300 313.6130 14.24386444505819
GCOM-W1 (SHIZUKU)       
1 38337U 12025A   21010.60279095  .00000035  00000-0  17884-4 0  9996
2 38337  98.2140 313.5718 0002367  57.7828 115.2025 14.57117642460175
NUSTAR                  
1 38358U 12031A   21010.37704623  .00000943  00000-0  24612-4 0  9995
2 38358   6.0253 205.8195 0011716 350.1473   9.8426 14.88427908466864
NEOSSAT                 
1 39089U 13009D   21010.49994070  .00000033  00000-0  26778-4 0  9998
2 39089  98.4498 214.0397 0011961  37.1981 323.0031 14.34540690412236
IRIS                    
1 39197U 13033A   21010.52865097  .00000142  00000-0  26413-4 0  9992
2 39197  97.9591 196.4109 0026375 280.8182  79.0060 14.78802218406680
HISAKI (SPRINT-A)       
1 39253U 13049A   21010.58299295  .00000157  00000-0  12434-3 0  9992
2 39253  29.7175 221.7533 0137011 140.3172 220.7515 13.55236868362122
CASSIOPE                
1 39265U 13055A   21010.55868738  .00002444  00000-0  66632-4 0  9994
2 39265  80.9679  97.7192 0654827  56.9577 309.2768 14.31026369377403
STSAT-3                 
1 39422U 13066G   21010.77174528  .00000674  00000-0  75257-4 0  9998
2 39422  97.4927  38.9568 0021839 220.2934 139.6624 14.89908564388008
SWARM B                 
1 39451U 13067A   21010.59901028  .00000380  00000-0  15114-4 0  9994
2 39451  87.7541 217.8062 0003599 106.4731 253.6910 15.21892304381463
SWARM A                 
1 39452U 13067B   21010.55509893  .00001231  00000-0  25043-4 0  9993
2 39452  87.3594  55.2954 0002269  81.8852 278.2663 15.45119200401155
SWARM C                 
1 39453U 13067C   21010.55501033  .00001221  00000-0  24829-4 0  9992
2 39453  87.3446  55.8320 0002264  81.8554 278.2960 15.45117823401114
BRITE-CA1 (TORONTO)     
1 40020U 14033L   21010.74251639  .00000105  00000-0  25932-4 0  9999
2 40020  97.7301 193.1231 0088389 130.6067 230.2871 14.66696936351158
OCO 2                   
1 40059U 14035A   21010.56673241  .00000020  00000-0  14442-4 0  9990
2 40059  98.2136 314.2610 0001230  72.7802 287.3531 14.57115070347181
BRITE-PL2 (HEWELIUSZ)   
1 40119U 14049B   21010.31176884  .00000150  00000-0  24121-4 0  9995
2 40119  97.8918 106.4755 0018132 149.3912 210.8365 14.84586829346385
RESURS P2               
1 40360U 14087A   21010.85400962  .00000910  00000-0  30038-4 0  9999
2 40360  97.2376 101.5825 0009753 152.5456 276.5414 15.33924183338106
MMS 1                   
1 40482U 15011A   21002.04738269 -.00001132  00000-0  00000+0 0  9997
2 40482  32.0026 118.9242 8483333  27.2675 356.8315  0.28561816 11786
MMS 2                   
1 40483U 15011B   20359.39583333 -.00000873  00000-0  00000+0 0  9991
2 40483  31.9421 119.0520 8478594  26.9368 187.7615  0.28570892 11736
MMS 3                   
1 40484U 15011C   20359.39583333 -.00000874  00000-0  00000+0 0  9993
2 40484  31.9509 119.0403 8480379  26.9346 187.7683  0.28571045 11730
MMS 4                   
1 40485U 15011D   20359.39583333 -.00000873  00000-0  00000+0 0  9993
2 40485  31.9433 119.0523 8479943  26.9371 187.7469  0.28570861 11730
ASTROSAT                
1 40930U 15052A   21010.49277599  .00000729  00000-0  13282-4 0  9993
2 40930   5.9971 306.5482 0008821 314.6470  45.2939 14.76363357285823
DAMPE                   
1 41173U 15078A   21010.80028475  .00000099  00000-0  69865-5 0  9992
2 41173  97.3384   6.1864 0012131 237.8137 222.5791 15.23948141281979
PISAT                   
1 41784U 16059B   21010.72238611  .00000094  00000-0  26935-4 0  9991
2 41784  97.9917  67.2738 0032320  22.4260 337.8347 14.63577189229220
HXMT (HUIYAN)           
1 42758U 17034A   21010.78533125  .00000276  00000-0  30780-4 0  9996
2 42758  43.0185 338.4532 0010614 256.7204 175.0227 15.09029433197192
FLYING LAPTOP           
1 42831U 17042G   21010.54366390  .00000621  00000-0  67645-4 0  9993
2 42831  97.4919 248.4148 0012980 319.9964  40.0321 14.91222762190153
PICSAT                  
1 43132U 18004X   21010.17475043  .00001688  00000-0  70119-4 0  9996
2 43132  97.4273  86.0825 0010483  52.9119 307.3076 15.25169983166557
ZHANGZHENG-1 (CSES)     
1 43194U 18015C   21010.83264635  .00001364  00000-0  64491-4 0  9999
2 43194  97.4586 139.5657 0014655 101.0997  49.9425 15.21014631163182
ICON                    
1 44628U 19068A   21010.61412508  .00000500  00000-0  28648-4 0  9996
2 44628  26.9897 121.9096 0019250  61.2060 299.0428 14.91829610 68398
SALSAT                  
1 46495U 20068K   21010.58555513 -.00000266  00000-0 -15040-4 0  9995
2 46495  97.6787 309.1657 0015651 246.2871 113.6714 15.03306361 15617
